0 9.41821 19.7793 74.6077 81.1471 99.5134 43.179 96.1918 30.1086 51.9744 54.883 43.7937 77.5118 78.2563 58.335 41.7865 17.2283 8.5456 4.69269 67.7372 39.5885 99.0896 67.5926 26.2464 27.9003 10.4971 15.976 5.21782 47.0842 57.5769 70.1022 18.1916 82.6668 32.5859 15.6079 91.3406 1.93143 30.2638 50.9131 98.2753 45.4078 6.56463 98.3974 24.7405 53.9449 33.668 97.808 95.4081 57.6813 81.3512 23.3567 62.2856 91.6828 83.227 18.4232 33.49 46.9906 26.4925 20.4539 67.2651 16.4337 26.3171 70.1774 7.86875 1.80652 39.5717 25.6739 70.1405 19.0439 15.1038 47.8388 1.03069 25.0171 94.0798 90.4819 31.1003 45.5287 62.2122 5.68713 2.8016 93.8792 49.7387 78.6346 72.9847 15.3785 21.9804 58.2395 79.2332 38.665 31.1477 82.4451 52.9137 63.7687 74.1557 40.5412 27.0223 64.7759 62.9774 96.684 47.3597 
9.41821 0 16.7206 86.636 45.9673 51.9216 7.905 98.3713 1.1996 41.1681 36.2611 62.8965 12.5942 85.4144 18.8017 48.5438 75.6458 9.12247 65.4727 28.3923 8.06375 13.4617 93.7162 12.3002 74.1374 69.1465 90.8302 80.7046 42.613 77.3657 2.52448 59.7273 17.4021 98.7503 84.0677 19.2055 22.9976 70.3853 86.1878 67.413 5.54959 94.141 95.2332 93.405 15.7313 39.9512 39.0449 82.7781 19.299 84.5059 66.8599 39.9387 79.5864 52.1411 20.1841 54.5265 20.9546 80.5191 29.6347 14.6679 76.9291 16.9672 88.9948 92.122 49.0707 15.4966 89.2908 4.81379 83.2494 47.5812 41.0481 61.2008 41.8237 61.1717 31.0209 46.3561 86.5874 73.0697 3.5988 57.7918 41.1251 49.0394 72.2491 10.0304 65.868 16.219 54.0123 43.6371 93.305 53.2351 49.9387 74.0568 83.3422 55.6746 90.4432 97.9774 44.5263 4.70084 56.27 55.1039 
19.7793 16.7206 0 20.3746 52.3429 38.5575 29.2783 51.6828 97.1222 72.8566 77.1945 48.5486 26.9808 93.8997 64.4613 21.7703 91.4642 28.2787 65.2302 96.2994 86.8217 77.2368 11.3341 55.2634 5.57124 79.0921 31.9722 88.0637 73.7388 46.2208 40.9309 25.0185 72.071 97.2344 24.9602 3.39783 65.205 28.687 86.4926 27.8544 22.4445 30.0353 13.8723 25.9193 16.5087 73.0274 11.7829 54.2287 47.1207 62.9861 28.0887 78.2469 95.1784 62.0456 48.2779 19.0087 96.724 80.9133 75.6351 11.2773 8.32031 50.7781 24.5686 18.5901 18.2691 86.9681 15.2267 82.1907 63.0367 50.2409 9.44067 16.3329 27.3425 69.8667 14.856 9.22584 19.531 28.9034 89.1116 35.8592 24.7672 22.005 1.95955 71.5689 60.0266 52.9292 8.42874 92.6567 74.5751 2.36168 24.6669 39.9491 98.493 34.409 65.4874 20.1987 76.4343 63.2978 83.1822 4.34521 
74.6077 86.636 20.3746 0 7.0831 44.7913 9.90163 52.5541 7.9161 21.0467 86.6219 93.3577 31.6845 71.7687 54.92 53.417 1.76421 24.9401 41.9831 53.2799 88.196 59.4933 60.2596 22.8162 52.8 17.8666 20.2092 69.6822 72.7965 49.8713 30.4985 76.5235 88.2676 97.8254 49.4072 75.7253 21.8597 74.3677 44.2408 90.689 48.2759 4.5346 20.689 1.50452 45.8 11.2841 24.2851 57.2585 49.7716 11.7475 82.5277 71.0316 85.0295 88.9846 95.0805 43.0603 35.114 17.6245 40.5317 90.8791 17.7375 9.45463 92.7798 30.2695 55.2886 67.7129 51.1225 81.8503 24.6307 61.3335 57.2401 17.2455 22.6615 27.4882 27.4948 46.6383 96.567 4.09807 90.1388 90.6912 75.9403 51.4205 75.0805 88.1989 81.2905 18.506 77.834 62.5029 52.5744 79.0955 45.1973 96.7883 18.2803 64.5259 7.76175 20.7179 7.42178 91.7365 19.9489 28.1169 
81.1471 45.9673 52.3429 7.0831 0 38.8046 88.3941 54.7844 46.3346 54.0608 97.7383 5.15442 1.39206 34.3415 85.1207 80.4487 92.1031 86.8674 40.874 8.58535 7.29806 30.94 70.9688 58.144 92.3805 7.25011 67.4732 48.6135 95.474 94.0634 59.6866 74.8585 15.9955 93.2013 58.4875 8.60153 97.8403 87.4984 69.0271 35.4517 32.4568 18.259 42.2737 46.3988 29.6662 37.1701 80.3947 37.3593 93.5579 26.3967 67.9003 61.3978 96.1575 18.5681 92.5362 42.6761 41.1324 94.3007 76.3139 51.7888 44.4551 92.5278 27.3066 38.2865 87.9216 15.6527 59.6194 42.6797 73.4657 29.8349 15.4228 82.8259 13.1124 30.4624 62.9982 28.388 62.4224 7.69005 85.2523 78.0268 63.3529 72.3892 29.9237 23.0178 53.9962 66.1928 39.8707 44.8927 74.0539 46.6212 45.2405 57.8567 77.9171 66.6686 98.1928 26.8725 50.2876 32.118 35.4129 32.5684 
99.5134 51.9216 38.5575 44.7913 38.8046 0 68.645 58.5288 51.2282 34.9939 83.3916 93.0445 78.2808 17.108 1.10064 43.7654 62.36 99.1534 5.10212 7.8809 26.5644 83.0336 19.6987 96.3686 41.0934 47.0178 92.4639 51.116 39.4351 47.9456 94.8176 64.2123 97.3794 27.5926 87.6653 31.3604 98.7365 49.0588 82.9431 50.2409 44.1008 26.3468 6.41646 84.0491 37.1322 17.7738 2.04335 83.3503 67.0661 57.6831 84.3209 80.2964 69.571 31.1104 71.6824 26.7126 95.283 80.5196 37.7539 52.299 71.7612 37.0077 32.8615 98.0036 31.1448 15.2572 25.0563 85.1555 1.92984 79.2518 24.2349 92.6891 25.5884 30.5091 99.7778 10.5765 15.8883 86.7124 81.1498 51.2638 52.4807 66.1863 55.426 16.5905 31.2749 2.16697 69.4894 40.4948 56.1348 50.5541 47.1657 67.4344 85.2346 74.0486 46.0127 15.4087 17.6903 70.2177 94.7733 62.5285 
43.179 7.905 29.2783 9.90163 88.3941 68.645 0 84.4037 80.153 87.7611 90.8059 32.5437 14.6226 25.1295 95.1822 19.4675 39.6636 87.9067 84.0404 19.2256 80.449 94.8467 58.3623 37.6547 49.3959 76.9174 6.13053 4.28507 59.4795 15.5437 94.0677 5.28935 69.0175 39.7814 99.0707 66.7468 46.0196 88.5611 93.0868 73.5072 34.795 82.5019 89.1263 57.9647 85.1577 5.58284 93.5115 17.1935 79.9123 96.474 87.5301 47.8201 60.0775 73.5886 45.9298 34.3424 12.4405 12.6163 66.7694 76.0763 10.4238 6.98164 73.7598 71.4883 79.3232 42.6374 65.9476 54.6016 56.7235 64.5272 76.9858 54.3369 25.0768 58.0227 42.3847 33.6154 75.7742 49.5447 67.6407 77.2386 23.8043 67.6734 90.6474 62.6007 7.63717 37.2895 77.106 2.95134 35.9293 26.6563 76.7289 91.0376 84.0528 79.783 37.8734 89.7473 9.76068 73.2743 92.6136 46.1218 
96.1918 98.3713 51.6828 52.5541 54.7844 58.5288 84.4037 0 81.0656 6.40111 70.3138 47.2319 7.23331 3.2268 14.8094 1.01628 7.00997 64.1175 39.4982 26.4727 74.3625 4.60654 72.865 25.179 90.7353 17.2369 77.3566 11.5243 39.2359 87.6472 35.8251 17.1274 74.9476 40.432 38.9906 98.0645 60.2432 61.9949 81.262 62.5247 59.5969 29.108 2.73996 26.2853 49.1249 25.4989 17.6809 55.215 60.6243 87.389 79.6495 28.7757 10.9575 95.0982 52.5048 21.7686 16.5852 26.2666 41.7286 98.3126 93.2949 13.0177 34.9425 20.899 51.7842 63.1004 16.9874 3.37157 94.2931 48.7851 40.9252 9.86937 71.4393 5.79595 92.1089 31.75 76.5922 43.4646 38.8168 78.367 34.426 91.2028 24.252 10.7684 35.8477 57.5833 64.5851 30.8023 68.2456 18.9428 31.0663 78.6689 59.1592 81.2572 36.9409 14.3158 94.0004 4.31723 51.7808 23.8898 
30.1086 1.1996 97.1222 7.9161 46.3346 51.2282 80.153 81.0656 0 3.65557 70.6941 96.9521 16.3784 3.89962 55.6808 49.1266 97.6255 29.2294 65.8874 58.1583 31.1285 54.023 78.4865 36.8873 86.3503 72.9229 16.8211 80.1532 95.9323 20.0026 85.6265 1.53052 90.2731 34.3856 61.7741 52.6715 66.8665 39.3458 72.689 57.1668 3.39979 74.9526 43.2775 28.3692 78.6721 69.6793 31.0995 68.3798 19.2144 92.737 83.1653 25.0009 69.1549 59.6177 20.4253 45.3442 98.6487 54.5413 82.524 37.5932 99.1748 55.2277 2.63835 46.0503 95.4353 14.3693 79.0763 71.0856 48.0072 85.5736 80.2777 57.3279 47.6574 97.2058 42.4647 69.6838 95.7134 61.6374 93.7766 76.0809 29.8105 95.0472 80.4875 61.5677 89.655 21.7945 57.8156 60.6476 4.10583 83.4976 89.7979 94.7346 68.1019 45.1198 79.8641 86.2708 54.5991 43.7897 11.7661 76.7723 
51.9744 41.1681 72.8566 21.0467 54.0608 34.9939 87.7611 6.40111 3.65557 0 38.9797 19.1109 2.72659 87.7899 45.7029 73.1356 4.95094 22.6784 62.8289 40.8248 28.8459 56.0523 52.4519 83.9878 61.906 86.9909 35.9804 66.6303 78.0556 24.2538 12.1338 25.2413 89.8898 72.1902 39.9323 5.10015 89.4866 33.6625 77.5105 39.3313 16.736 56.8731 54.0281 38.6893 86.1341 98.6675 40.4678 69.5473 56.888 85.0489 94.1306 83.767 52.4326 37.1111 26.3451 82.5856 15.4768 58.2587 32.6668 45.7185 20.462 70.7216 84.1368 24.1707 65.285 62.3297 48.8063 35.6397 87.6445 58.6269 32.0567 80.8263 32.9004 61.2964 10.3764 77.9033 54.8839 58.1056 13.3741 42.944 7.89771 9.24186 11.8604 23.9129 90.3445 93.6973 91.8276 47.3892 82.4741 12.8209 28.0463 69.3355 49.3992 83.8548 55.4613 76.5179 75.1699 92.3999 52.0279 77.2467 
54.883 36.2611 77.1945 86.6219 97.7383 83.3916 90.8059 70.3138 70.6941 38.9797 0 57.2331 95.5586 13.7209 21.2774 35.1412 69.2054 87.86 90.9655 55.8926 48.719 12.8954 64.0869 59.878 27.5369 7.33817 78.0151 92.5565 23.8139 31.9307 61.7244 68.6748 78.758 33.0269 8.34638 36.7861 42.0459 12.5354 75.5122 50.5593 52.7548 28.3079 62.6228 25.2952 84.7366 76.717 6.6962 5.69332 71.9939 72.607 65.0894 12.0498 26.9948 24.4765 83.0375 78.7008 92.8301 53.0113 5.88623 11.1272 79.1085 79.2138 81.8299 28.939 21.7824 63.9718 61.2692 75.188 12.9852 78.8759 97.469 28.6194 73.9388 67.2972 64.0733 86.4046 1.23161 83.4276 70.2281 37.3752 30.1019 42.0047 27.5866 7.53163 95.0352 84.377 10.9985 53.6664 79.7835 27.3272 69.2444 71.5814 4.31182 22.7656 89.8095 28.57 3.84422 29.8142 8.89354 66.8085 
43.7937 62.8965 48.5486 93.3577 5.15442 93.0445 32.5437 47.2319 96.9521 19.1109 57.2331 0 38.3368 2.57579 84.8118 18.1694 80.5519 49.3742 83.455 30.4039 72.4492 35.5839 42.842 76.9718 76.4815 7.10232 37.1986 14.3817 65.5481 34.4252 61.5497 2.18571 17.0615 42.1393 42.6394 29.6465 74.9207 99.4372 92.9671 97.982 48.1248 78.9023 13.8982 97.4874 54.5222 52.8244 27.4579 6.83622 76.1167 36.2311 66.438 73.7774 51.3779 40.812 68.8288 22.9018 37.7466 48.0672 20.3136 71.5124 6.70082 77.5798 80.1436 3.56722 50.4198 27.8632 3.17907 55.527 51.2829 61.3387 68.175 51.6113 29.4715 88.2031 17.1089 95.9536 57.5098 90.9995 36.1967 90.2202 8.9978 51.3367 91.0091 49.1348 51.21 14.5055 83.2548 16.6133 43.1519 3.16839 55.1314 80.6986 10.3343 81.8897 98.7459 72.5298 85.4829 19.3552 7.51802 2.04706 
77.5118 12.5942 26.9808 31.6845 1.39206 78.2808 14.6226 7.23331 16.3784 2.72659 95.5586 38.3368 0 81.7632 98.4564 20.1661 95.6596 71.9687 38.3387 27.4535 89.606 33.5779 20.2105 72.1363 98.8196 83.7687 70.2101 12.4008 57.1648 49.1584 38.5069 36.1522 36.7852 2.77642 99.161 49.9803 29.5577 43.0261 75.4153 53.6101 75.9897 24.6139 39.351 40.1643 22.3057 70.115 44.4839 66.1719 10.2421 87.5066 11.1027 41.6482 19.1766 5.48536 3.17539 61.4708 77.9023 86.6637 88.1116 89.0517 23.9842 9.79005 38.5528 64.0431 80.8288 89.3325 95.897 34.3627 13.848 30.0947 41.1834 89.2628 30.4331 29.1822 15.3975 15.218 71.7676 38.6042 53.9297 42.7439 29.051 50.1995 23.8383 82.6763 54.775 22.4552 36.4735 93.2218 66.5911 99.5212 78.9651 78.4458 4.18173 74.4211 27.7555 61.5082 12.7257 42.621 61.0947 32.3702 
78.2563 85.4144 93.8997 71.7687 34.3415 17.108 25.1295 3.2268 3.89962 87.7899 13.7209 2.57579 81.7632 0 72.124 67.3269 54.253 84.7963 80.0079 18.4449 41.1364 68.0352 32.4488 60.2228 36.8255 39.7702 65.8433 30.648 19.9802 15.684 89.9838 80.4412 71.5157 99.0736 93.6404 69.1454 34.8351 29.5491 83.6188 96.3428 18.111 36.7546 11.6474 22.1456 51.3083 32.7377 11.5959 40.9767 66.3967 27.1596 99.6652 50.3105 80.457 33.0216 52.1779 72.6952 66.5393 16.5701 11.9461 91.4088 24.0364 11.6105 8.28595 63.8684 10.8044 58.7057 47.5299 66.4937 67.521 16.0759 92.3726 9.86591 2.17922 9.057 66.8553 16.0319 66.0923 3.84446 28.5709 24.8137 27.5052 94.614 65.728 17.4124 54.6376 83.6545 52.2422 1.38306 90.0391 63.5923 9.37595 51.7683 66.6549 52.6124 37.4477 30.2461 46.9304 21.9508 29.9031 14.5101 
58.335 18.8017 64.4613 54.92 85.1207 1.10064 95.1822 14.8094 55.6808 45.7029 21.2774 84.8118 98.4564 72.124 0 7.0134 8.19005 53.5983 25.1514 14.3823 55.7372 60.8079 68.2943 46.8862 51.9207 67.8806 35.6255 56.309 25.0542 61.4348 38.0217 18.7419 13.8487 21.5568 44.2898 4.94042 86.6182 23.2464 52.2222 48.5569 41.3268 29.6347 3.07295 55.6557 99.915 4.31587 55.7822 81.6638 52.352 82.6769 80.9017 94.5598 87.7492 44.4104 23.5155 4.22147 91.4987 56.5016 91.8526 98.7662 42.2791 92.0237 66.6899 90.6837 25.0538 71.6067 95.1053 46.673 56.248 29.1752 22.584 39.6718 93.991 88.4006 59.8256 34.1549 13.3517 4.53498 53.4821 55.4065 36.1569 70.4718 71.9976 35.0436 39.1451 44.3236 5.44136 91.5585 15.507 84.3107 8.26187 37.2025 54.6366 20.6662 86.4514 94.786 60.5003 7.8542 9.29464 15.9596 
41.7865 48.5438 21.7703 53.417 80.4487 43.7654 19.4675 1.01628 49.1266 73.1356 35.1412 18.1694 20.1661 67.3269 7.0134 0 98.5435 34.7734 43.6489 43.7886 4.53346 97.7391 7.29948 33.5144 91.814 4.59991 95.1254 89.2867 70.7155 9.18571 95.9188 26.5863 64.4791 79.1514 2.17742 65.7007 37.4571 90.1405 34.4649 40.3546 28.7626 41.4963 57.0273 75.7837 86.4555 49.6441 60.5011 28.7895 54.3574 75.5261 49.8801 50.9079 94.699 68.1279 39.5574 54.1195 89.5127 43.1011 28.1789 88.4981 70.4034 88.4623 95.0602 28.5739 22.6382 63.7379 72.877 3.36379 90.0404 23.6622 23.8486 73.5891 8.82629 27.7657 95.9623 19.2135 14.9067 48.3962 68.7157 63.8879 6.36377 49.7282 92.7068 9.95945 4.81395 83.86 40.6603 15.8893 34.0094 59.7877 50.5525 70.5812 11.1808 85.4388 30.1606 69.1359 11.8201 72.6382 51.6331 95.118 
17.2283 75.6458 91.4642 1.76421 92.1031 62.36 39.6636 7.00997 97.6255 4.95094 69.2054 80.5519 95.6596 54.253 8.19005 98.5435 0 50.2744 14.4319 53.0579 92.5424 35.7271 70.5847 75.7099 60.7489 58.3579 27.0155 29.9778 71.9597 27.1847 15.1198 7.89513 32.0392 66.8054 71.2674 3.99178 76.4192 45.8119 68.3671 22.3135 68.9787 24.5176 11.6245 27.8289 58.1203 83.4592 97.9901 72.1392 94.511 42.5856 26.5334 80.0347 78.1374 32.3734 84.945 20.9883 20.9165 8.77639 61.252 92.4421 79.9018 22.3539 8.32719 50.1332 27.1057 64.3651 34.6174 85.1172 5.2277 68.8084 98.8268 62.058 88.6473 31.9626 12.5148 46.1154 63.8487 95.8722 88.7591 51.7095 25.959 35.1087 87.1102 89.2258 37.4625 80.4701 90.3439 15.6042 69.4927 77.3658 54.035 63.3288 98.0211 15.8085 68.7718 90.5063 8.17332 19.5262 28.5608 81.5836 
8.5456 9.12247 28.2787 24.9401 86.8674 99.1534 87.9067 64.1175 29.2294 22.6784 87.86 49.3742 71.9687 84.7963 53.5983 34.7734 50.2744 0 28.9153 31.075 28.2013 20.342 29.7172 5.53182 76.8433 93.2514 33.8348 23.9631 24.3266 6.6351 16.4807 14.9403 13.3383 50.3376 78.3899 39.3484 90.1815 46.9691 29.8603 20.2476 71.1495 57.2969 97.4896 67.551 67.748 29.1244 95.286 47.4687 41.5158 49.1331 81.0854 2.0333 25.5771 4.24079 25.686 4.98599 42.9442 92.993 64.1807 44.5351 60.5102 91.3292 16.4862 69.7732 25.6225 1.27403 75.196 43.21 30.6531 29.1089 4.4721 83.3758 13.671 89.011 66.603 16.0413 55.5225 8.41806 9.50088 5.49929 78.0611 67.4486 31.5477 16.9233 93.7919 96.603 95.3302 56.2274 51.3364 70.0561 65.1348 58.5466 44.8844 7.7845 33.2529 32.0836 52.946 20.0076 81.9733 34.5152 
4.69269 65.4727 65.2302 41.9831 40.874 5.10212 84.0404 39.4982 65.8874 62.8289 90.9655 83.455 38.3387 80.0079 25.1514 43.6489 14.4319 28.9153 0 45.0846 83.9022 68.9427 75.044 20.5056 88.5084 89.108 92.6986 2.9246 95.5836 85.3245 36.1655 79.1318 22.4494 60.1392 83.582 2.59576 16.4652 66.9128 51.3104 70.1091 50.9681 71.1222 75.6557 82.2369 16.502 89.4086 32.5443 98.3024 11.6008 18.7443 83.4413 34.3644 74.6291 28.9826 74.9691 85.8267 12.3192 21.4941 14.8064 64.3232 23.6711 57.8227 26.0348 71.9176 52.9202 99.4015 34.2057 14.9417 27.839 84.2785 7.94393 47.1102 30.6783 77.9697 3.47346 16.3423 97.1073 16.3063 62.7746 98.9084 56.3723 39.5441 20.3614 33.0526 87.6563 15.2734 86.9423 30.8527 25.9035 12.7001 91.5822 47.5321 92.9238 50.2957 47.2126 95.9864 88.6765 56.6567 92.4386 82.3016 
67.7372 28.3923 96.2994 53.2799 8.58535 7.8809 19.2256 26.4727 58.1583 40.8248 55.8926 30.4039 27.4535 18.4449 14.3823 43.7886 53.0579 31.075 45.0846 0 61.0744 59.1242 9.2655 46.1908 95.3293 26.1272 2.61 56.2689 68.8762 15.907 71.5768 88.4496 18.113 83.175 19.8454 52.4773 23.2771 7.74489 71.6727 61.5135 40.3046 33.5585 73.4865 18.4771 90.7887 12.7164 72.8841 42.7503 10.7432 88.0383 53.7882 27.6778 79.7388 48.9715 32.575 1.90158 56.0833 63.3857 24.0859 15.3911 83.8019 72.4191 66.0184 41.9058 45.8043 22.0912 69.1065 74.5012 77.797 30.765 44.4516 28.3254 83.8346 18.6109 70.5589 77.0315 63.3217 21.3423 89.4503 24.0512 8.96478 29.1804 82.5652 8.40105 93.4343 77.8336 61.368 9.60996 15.8179 15.0305 46.0783 72.8522 20.1411 90.4086 30.6603 25.6552 65.9958 99.5467 82.8779 74.5119 
39.5885 8.06375 86.8217 88.196 7.29806 26.5644 80.449 74.3625 31.1285 28.8459 48.719 72.4492 89.606 41.1364 55.7372 4.53346 92.5424 28.2013 83.9022 61.0744 0 75.1089 19.0635 16.5809 93.8201 65.7922 23.3556 96.7019 77.3145 19.6994 16.7041 77.5943 90.1296 91.799 28.509 76.378 77.7179 52.9584 27.8587 82.2977 9.22009 23.7484 81.6629 47.4545 60.091 10.6001 75.6278 23.2853 56.3812 13.9866 27.4751 41.6303 41.6398 38.3812 69.4595 89.4656 99.5417 23.791 60.1029 16.8261 34.7308 70.43 94.1029 89.2325 6.52301 50.9715 61.9015 8.68757 54.6462 37.7545 68.4349 91.1386 47.2101 29.1938 96.9136 39.8731 55.8955 27.4309 63.3341 89.2583 4.96072 58.7545 75.8001 20.1862 65.2544 32.0591 47.9609 1.00298 3.51236 87.0647 33.117 88.2491 23.8612 92.6565 8.02055 50.7503 53.9208 50.5004 24.4797 81.1413 
99.0896 13.4617 77.2368 59.4933 30.94 83.0336 94.8467 4.60654 54.023 56.0523 12.8954 35.5839 33.5779 68.0352 60.8079 97.7391 35.7271 20.342 68.9427 59.1242 75.1089 0 17.1903 78.8882 43.1177 76.3578 8.1814 8.96653 76.3494 17.6017 57.2292 19.5294 78.2998 77.4809 65.6752 79.0939 71.1201 81.3697 49.6724 16.203 45.7698 79.9572 72.8899 5.84682 18.9509 77.3244 92.9386 21.5398 9.69333 57.4646 65.3829 38.0663 88.7435 52.4166 9.9581 54.9027 48.5179 72.1979 77.6538 46.7227 5.58456 7.26983 49.8289 89.832 92.0955 41.2065 40.7304 46.4732 13.2071 8.62847 35.2998 64.5916 11.6301 45.4081 76.3619 38.7293 70.5984 53.6217 29.2733 95.957 1.70712 59.906 4.95818 72.0943 47.8716 31.9523 41.0458 69.6805 77.6757 48.2745 26.2983 64.3081 26.0033 83.0432 72.3889 73.2674 57.407 40.0566 75.1641 98.0151 
67.5926 93.7162 11.3341 60.2596 70.9688 19.6987 58.3623 72.865 78.4865 52.4519 64.0869 42.842 20.2105 32.4488 68.2943 7.29948 70.5847 29.7172 75.044 9.2655 19.0635 17.1903 0 36.3176 13.6053 35.8038 28.3396 71.1 88.8775 27.2448 55.8442 92.7965 11.9666 86.6015 46.3619 25.5478 93.8447 60.3692 54.6167 82.639 36.1204 68.3142 22.7003 66.1484 95.5037 15.6239 33.3077 15.2568 87.7279 62.3233 53.0934 17.902 37.335 68.0106 99.5023 99.0812 2.18768 73.5544 86.2742 41.9249 90.1008 52.5763 31.4919 24.4527 6.81757 52.9753 66.7777 36.1549 91.1095 91.6209 12.3132 5.86369 34.8864 25.6506 40.6868 95.538 98.0414 49.7386 58.864 63.5304 86.7192 69.5724 16.1721 16.2953 36.5316 57.4762 60.8873 55.5407 9.4152 1.44005 62.0664 15.2526 37.1644 41.6085 66.5206 48.9348 20.6374 94.8771 1.60215 23.1927 
26.2464 12.3002 55.2634 22.8162 58.144 96.3686 37.6547 25.179 36.8873 83.9878 59.878 76.9718 72.1363 60.2228 46.8862 33.5144 75.7099 5.53182 20.5056 46.1908 16.5809 78.8882 36.3176 0 10.333 74.2917 76.2621 47.6498 32.9655 26.381 60.965 27.0698 10.8293 30.2473 82.6945 58.0388 65.5851 2.11143 99.9118 55.8733 4.71955 21.6044 42.5935 81.6816 56.6956 44.4677 32.082 74.7142 23.6109 64.9963 51.5795 46.7733 91.2121 65.7734 19.3786 4.60806 58.3738 95.4521 21.6345 80.9802 85.42 66.68 58.8053 63.6575 83.8167 99.5348 50.0946 30.3351 49.6653 56.9015 58.3202 43.4043 68.2386 62.5571 99.4991 9.706 25.219 79.023 60.3467 48.4852 52.2088 99.2539 54.0824 64.3938 85.1944 14.7635 50.0881 1.32122 40.8314 20.8557 79.4564 32.9968 23.3625 25.4207 12.5031 57.1913 84.9777 29.877 35.2844 6.1712 
27.9003 74.1374 5.57124 52.8 92.3805 41.0934 49.3959 90.7353 86.3503 61.906 27.5369 76.4815 98.8196 36.8255 51.9207 91.814 60.7489 76.8433 88.5084 95.3293 93.8201 43.1177 13.6053 10.333 0 6.36033 87.5664 60.9236 26.9566 99.0168 74.0375 78.8928 3.26102 41.3167 83.2392 38.9878 84.3613 7.96829 90.7036 3.65891 87.9105 21.2357 54.5281 85.5591 68.5627 45.7435 25.5066 75.0141 99.8572 8.14483 22.967 44.351 49.53 9.02577 88.6595 5.53227 25.2289 9.51877 34.7144 74.1701 94.0686 68.6906 9.84017 39.3048 83.5767 88.2396 82.4582 14.3197 9.48076 50.8283 71.1585 35.395 68.3556 46.1668 85.9268 38.5788 60.0418 52.0334 25.351 8.99643 54.9683 46.3481 47.1072 16.4507 74.8095 42.7457 79.3809 89.7471 21.8978 83.3703 31.1991 8.44346 11.4871 60.1656 25.0119 20.5727 1.09513 32.1041 99.0773 64.468 
10.4971 69.1465 79.0921 17.8666 7.25011 47.0178 76.9174 17.2369 72.9229 86.9909 7.33817 7.10232 83.7687 39.7702 67.8806 4.59991 58.3579 93.2514 89.108 26.1272 65.7922 76.3578 35.8038 74.2917 6.36033 0 87.3666 91.7275 10.8506 69.9737 9.67707 1.04925 48.9844 13.597 9.61772 22.7026 35.7948 64.4256 46.5519 85.3822 24.9393 43.2485 35.2813 19.1203 1.32169 96.0272 79.8534 98.7431 82.012 16.7705 22.6442 20.4517 60.5284 19.8882 53.4835 63.1635 65.0754 91.5885 15.9523 77.7021 78.3824 98.7256 40.8188 17.0002 53.6753 11.4244 87.8743 14.2951 92.2364 61.3569 1.21541 2.42459 79.7526 2.78572 25.2793 91.663 15.8533 44.491 72.55 19.0583 49.5141 44.7287 34.4792 28.9703 98.9782 74.4715 3.13256 69.5137 6.84177 29.5195 30.9056 54.5428 30.8266 45.4048 35.1341 81.8195 70.0156 70.491 51.7865 50.1392 
15.976 90.8302 31.9722 20.2092 67.4732 92.4639 6.13053 77.3566 16.8211 35.9804 78.0151 37.1986 70.2101 65.8433 35.6255 95.1254 27.0155 33.8348 92.6986 2.61 23.3556 8.1814 28.3396 76.2621 87.5664 87.3666 0 67.3194 58.378 25.8859 13.9773 46.5562 76.0443 96.8871 23.5838 84.3355 32.8409 21.2895 33.4233 10.8029 31.4663 29.3824 41.5614 84.2712 8.36144 33.882 35.3589 75.0182 29.7578 30.6336 82.058 17.9748 66.8232 2.10185 12.1485 93.9287 15.4057 59.4159 71.8624 88.8772 88.3509 76.0784 54.6592 46.1984 23.9011 8.58771 79.398 84.5826 33.496 77.7513 95.6162 33.6582 38.0904 53.2456 67.6109 91.2135 6.39064 37.2663 90.243 29.0118 28.9065 4.57991 28.6636 8.61198 83.0329 4.63819 35.6677 57.9092 44.3287 99.5494 1.44769 87.5394 70.9256 19.1667 49.5031 41.4261 26.981 26.4242 2.62384 61.7185 
5.21782 80.7046 88.0637 69.6822 48.6135 51.116 4.28507 11.5243 80.1532 66.6303 92.5565 14.3817 12.4008 30.648 56.309 89.2867 29.9778 23.9631 2.9246 56.2689 96.7019 8.96653 71.1 47.6498 60.9236 91.7275 67.3194 0 19.9884 57.3702 89.2593 42.0022 31.5506 77.9393 98.0933 57.9417 49.1534 36.1174 92.4022 92.3063 54.5327 38.9201 16.8865 29.6858 63.3167 83.6625 40.1214 52.2224 93.2807 68.3088 60.614 47.0987 1.41246 63.7858 3.41255 38.0578 18.6982 80.4738 15.2045 22.7634 56.1026 70.9188 58.7853 44.3927 19.3308 48.8653 37.555 66.7846 7.67526 71.8646 93.6398 13.9154 23.2091 83.1085 86.0207 40.9938 19.8759 54.3026 9.26138 23.7843 69.2502 34.308 9.08455 60.3277 82.2179 98.7863 13.1082 17.2253 99.567 48.3136 93.64 77.8379 78.179 52.584 38.0499 13.379 16.6431 86.1581 52.4822 66.6619 
47.0842 42.613 73.7388 72.7965 95.474 39.4351 59.4795 39.2359 95.9323 78.0556 23.8139 65.5481 57.1648 19.9802 25.0542 70.7155 71.9597 24.3266 95.5836 68.8762 77.3145 76.3494 88.8775 32.9655 26.9566 10.8506 58.378 19.9884 0 50.4837 66.2607 13.6008 94.4894 87.9336 81.8144 19.1177 23.2159 78.6833 70.9989 47.6479 29.1745 78.3619 24.3511 58.5289 31.4487 6.57091 39.684 81.9942 56.0454 37.515 5.60266 62.9948 1.43046 94.0244 66.6325 33.4452 82.6169 57.1093 85.4556 38.2473 61.1192 55.483 21.4242 15.7901 93.8849 57.9808 8.82484 4.22492 13.1641 6.52159 4.07731 69.1374 9.13036 3.20056 94.5478 23.0239 28.055 5.67318 79.7468 98.8079 86.3719 63.9641 92.9066 65.2059 39.7132 62.0375 73.2281 53.5539 33.7896 45.9563 17.4168 35.098 6.87466 36.0168 39.2762 73.7841 62.5819 33.2196 29.3457 88.4589 
57.5769 77.3657 46.2208 49.8713 94.0634 47.9456 15.5437 87.6472 20.0026 24.2538 31.9307 34.4252 49.1584 15.684 61.4348 9.18571 27.1847 6.6351 85.3245 15.907 19.6994 17.6017 27.2448 26.381 99.0168 69.9737 25.8859 57.3702 50.4837 0 87.3058 48.1481 77.601 97.7554 44.6795 87.344 33.5479 46.9807 88.479 81.5656 5.5408 66.6997 51.8098 82.2637 97.0792 60.3891 88.8097 60.297 22.8826 71.0322 67.9847 13.0877 32.1051 14.1783 3.3301 96.5669 83.9855 5.34477 38.5996 83.3872 10.0101 75.5177 90.1758 32.6414 19.3079 57.1377 68.4115 76.5744 25.2637 63.5461 61.5878 77.9152 40.0188 99.4492 24.2001 30.7268 99.1782 38.2741 14.165 68.4087 73.6877 74.7798 22.1809 46.7755 91.8245 69.3442 74.6644 78.2656 2.46069 18.9428 59.9676 40.1586 14.8851 31.0042 43.5723 97.4995 16.6261 58.0558 2.41599 13.6985 
70.1022 2.52448 40.9309 30.4985 59.6866 94.8176 94.0677 35.8251 85.6265 12.1338 61.7244 61.5497 38.5069 89.9838 38.0217 95.9188 15.1198 16.4807 36.1655 71.5768 16.7041 57.2292 55.8442 60.965 74.0375 9.67707 13.9773 89.2593 66.2607 87.3058 0 45.402 25.1339 23.8782 69.489 44.1295 46.2119 68.0109 3.24147 11.5918 40.4442 35.5438 17.3096 58.7879 26.7348 99.8622 33.9693 57.8923 2.57562 73.0192 77.8487 83.5849 45.8539 93.9059 10.9735 58.6942 12.4279 79.5606 74.7558 17.5479 92.2686 31.9907 51.3512 26.0065 70.9928 90.7321 63.4914 23.3985 63.2455 26.2343 78.8708 40.2789 61.9663 72.0027 6.72102 15.8432 61.1344 94.6319 34.4653 24.3035 27.3327 77.6587 86.1593 5.36127 49.452 44.7869 41.0748 63.2199 24.8719 95.2366 42.7419 21.1142 41.1711 53.9037 40.1648 19.2429 61.5045 17.1901 55.5007 81.5236 
18.1916 59.7273 25.0185 76.5235 74.8585 64.2123 5.28935 17.1274 1.53052 25.2413 68.6748 2.18571 36.1522 80.4412 18.7419 26.5863 7.89513 14.9403 79.1318 88.4496 77.5943 19.5294 92.7965 27.0698 78.8928 1.04925 46.5562 42.0022 13.6008 48.1481 45.402 0 63.3385 18.9822 82.0776 89.5121 40.7021 27.4594 33.3359 87.3943 58.7154 55.2037 36.2008 70.4875 72.155 12.7207 90.882 20.2543 55.5036 83.421 97.3398 18.7338 18.697 54.8253 85.6502 97.2374 65.212 22.7779 97.7468 71.0882 62.9537 22.9283 90.8723 78.6537 58.1195 4.96643 79.5763 82.7621 50.568 48.0908 34.1337 27.6046 11.3762 39.6004 56.2264 21.7353 38.5554 30.6786 31.7056 52.2175 5.16768 38.6036 76.5224 71.1646 60.8869 87.2122 98.3057 2.09197 30.5507 32.0071 43.504 75.6441 43.8922 40.8484 21.5317 23.7882 77.6062 87.8443 11.9144 39.4765 
82.6668 17.4021 72.071 88.2676 15.9955 97.3794 69.0175 74.9476 90.2731 89.8898 78.758 17.0615 36.7852 71.5157 13.8487 64.4791 32.0392 13.3383 22.4494 18.113 90.1296 78.2998 11.9666 10.8293 3.26102 48.9844 76.0443 31.5506 94.4894 77.601 25.1339 63.3385 0 49.2115 87.5318 16.7965 50.6324 93.4162 88.6721 80.3465 91.2121 89.3719 76.973 72.1147 4.87775 94.3023 34.478 98.537 92.8808 52.3004 25.3711 7.69898 13.5644 8.6595 46.8872 68.3657 81.1587 22.2528 73.8736 44.1649 41.8767 46.145 41.9045 63.1208 5.52247 62.8684 86.1976 84.987 25.8058 95.252 12.8972 45.9654 1.05836 97.5035 94.8269 82.5051 51.8302 78.5704 89.6938 86.0227 96.4157 65.3186 84.094 55.8937 35.0283 99.5725 71.7334 44.6151 83.3363 50.8519 94.3454 72.1824 65.6905 50.7718 81.308 88.3554 89.4656 5.55644 6.46098 23.4786 
32.5859 98.7503 97.2344 97.8254 93.2013 27.5926 39.7814 40.432 34.3856 72.1902 33.0269 42.1393 2.77642 99.0736 21.5568 79.1514 66.8054 50.3376 60.1392 83.175 91.799 77.4809 86.6015 30.2473 41.3167 13.597 96.8871 77.9393 87.9336 97.7554 23.8782 18.9822 49.2115 0 7.95629 64.5005 97.0856 16.1434 53.6224 3.83752 74.8946 13.1132 28.1691 53.9014 71.172 14.9971 47.6199 44.1494 6.89127 33.0506 97.8086 23.9281 2.3318 53.1185 48.0632 25.5741 41.8118 46.3527 49.7208 35.1538 48.3484 85.7576 33.335 23.8297 52.4737 1.91941 81.4363 58.7264 83.7046 10.8551 57.9948 67.0148 63.0655 1.97691 44.5216 57.43 49.2926 61.5555 66.338 79.4597 84.0088 94.9837 70.1135 72.0065 59.3151 58.0889 90.1852 87.8523 15.9948 79.2117 95.4788 93.9113 9.97333 60.9956 20.0912 76.6163 27.7418 23.4499 46.8059 17.1431 
15.6079 84.0677 24.9602 49.4072 58.4875 87.6653 99.0707 38.9906 61.7741 39.9323 8.34638 42.6394 99.161 93.6404 44.2898 2.17742 71.2674 78.3899 83.582 19.8454 28.509 65.6752 46.3619 82.6945 83.2392 9.61772 23.5838 98.0933 81.8144 44.6795 69.489 82.0776 87.5318 7.95629 0 62.6025 63.5626 59.9421 44.7527 97.8223 37.7299 84.9969 35.5221 41.1966 93.8745 76.775 47.2598 73.6683 74.24 1.11676 64.3768 6.8115 65.2227 80.2364 83.4408 31.0964 53.249 42.7654 75.8003 82.4614 81.0813 83.3534 60.9424 50.9537 11.1779 60.803 39.257 15.8843 86.2141 2.92505 67.5677 59.1863 5.55172 75.8428 91.0416 36.0382 94.4982 34.421 72.324 71.3808 98.4201 73.8281 77.3921 71.774 55.9845 29.8776 78.0594 93.8318 21.7421 42.9683 86.4825 83.0587 66.9211 75.1955 71.927 52.0485 77.4927 73.8411 57.5497 18.8139 
91.3406 19.2055 3.39783 75.7253 8.60153 31.3604 66.7468 98.0645 52.6715 5.10015 36.7861 29.6465 49.9803 69.1454 4.94042 65.7007 3.99178 39.3484 2.59576 52.4773 76.378 79.0939 25.5478 58.0388 38.9878 22.7026 84.3355 57.9417 19.1177 87.344 44.1295 89.5121 16.7965 64.5005 62.6025 0 50.0731 64.9482 85.3647 92.9389 74.2371 46.8248 61.6119 78.4752 95.7573 38.7943 43.2094 87.6995 30.5276 18.4188 58.0873 78.0373 48.296 79.9161 56.3988 60.7665 90.3818 63.1379 86.2019 56.2439 32.7498 41.1278 77.4644 99.6802 19.4513 57.1659 40.1899 28.6442 24.8066 20.7186 70.7502 68.3183 8.64031 36.6359 94.8311 65.4818 34.854 10.5812 82.7943 64.8204 74.8882 93.0469 1.46559 16.7266 39.9393 19.4949 80.0491 11.0404 87.4283 87.2056 29.3763 10.93 28.9381 22.7641 84.7322 25.8741 83.7247 11.3253 50.556 58.0659 
1.93143 22.9976 65.205 21.8597 97.8403 98.7365 46.0196 60.2432 66.8665 89.4866 42.0459 74.9207 29.5577 34.8351 86.6182 37.4571 76.4192 90.1815 16.4652 23.2771 77.7179 71.1201 93.8447 65.5851 84.3613 35.7948 32.8409 49.1534 23.2159 33.5479 46.2119 40.7021 50.6324 97.0856 63.5626 50.0731 0 63.9266 23.4857 74.3176 5.29331 92.2112 4.3116 94.0645 41.8027 69.945 89.5948 16.9215 75.4425 40.8467 74.3475 45.2501 12.8674 62.1209 91.6417 89.7625 50.4707 83.2645 33.9036 3.16702 37.9599 39.5037 94.8315 9.30432 54.0959 26.6895 25.2424 73.0724 6.98452 25.5014 61.8213 33.2692 9.31254 50.3958 15.3384 21.7323 49.4056 98.8525 44.3807 50.7283 87.24 36.8008 1.00279 76.4541 19.2165 34.149 34.2264 91.8191 90.9795 43.4937 70.7923 93.1515 42.0586 50.0573 36.8401 51.0679 43.4115 1.34821 8.38352 51.9529 
30.2638 70.3853 28.687 74.3677 87.4984 49.0588 88.5611 61.9949 39.3458 33.6625 12.5354 99.4372 43.0261 29.5491 23.2464 90.1405 45.8119 46.9691 66.9128 7.74489 52.9584 81.3697 60.3692 2.11143 7.96829 64.4256 21.2895 36.1174 78.6833 46.9807 68.0109 27.4594 93.4162 16.1434 59.9421 64.9482 63.9266 0 57.8379 68.5556 87.4699 65.1523 64.7529 2.80279 88.1577 87.5809 1.92497 46.9673 44.5282 93.3465 69.5837 2.27537 99.4463 37.3898 15.3324 31.7561 82.2705 81.27 21.0941 34.899 41.2214 82.5634 45.7212 81.2419 45.3632 79.8828 31.7485 89.4405 92.0329 49.2605 55.397 44.512 5.27302 42.2477 50.7268 90.2996 10.6733 8.81216 96.2902 64.0816 62.5983 28.6194 27.6881 94.9942 27.4713 66.3644 81.1996 65.8003 22.2534 29.3639 48.9211 84.8692 49.259 51.9625 21.9749 44.8105 81.9854 74.2399 13.3311 97.698 
50.9131 86.1878 86.4926 44.2408 69.0271 82.9431 93.0868 81.262 72.689 77.5105 75.5122 92.9671 75.4153 83.6188 52.2222 34.4649 68.3671 29.8603 51.3104 71.6727 27.8587 49.6724 54.6167 99.9118 90.7036 46.5519 33.4233 92.4022 70.9989 88.479 3.24147 33.3359 88.6721 53.6224 44.7527 85.3647 23.4857 57.8379 0 13.7533 82.3524 15.7081 55.8836 27.1658 31.7868 4.90056 29.3369 90.9467 32.4674 19.0244 16.2929 49.1273 62.6936 12.6811 57.0269 61.1614 33.4461 70.4918 1.71996 83.4029 26.4029 93.7191 13.0924 57.8182 73.2502 65.0446 17.6651 85.8171 80.5801 63.0466 48.8183 78.7406 18.3866 34.6655 87.5919 76.6379 81.3121 83.9594 80.8425 37.4354 70.6584 2.50267 94.2289 77.2481 40.2776 96.5935 54.6346 96.6808 70.4288 78.2 64.7771 41.429 10.0495 35.8725 15.6033 38.0765 80.3188 89.1125 48.3605 54.0675 
98.2753 67.413 27.8544 90.689 35.4517 50.2409 73.5072 62.5247 57.1668 39.3313 50.5593 97.982 53.6101 96.3428 48.5569 40.3546 22.3135 20.2476 70.1091 61.5135 82.2977 16.203 82.639 55.8733 3.65891 85.3822 10.8029 92.3063 47.6479 81.5656 11.5918 87.3943 80.3465 3.83752 97.8223 92.9389 74.3176 68.5556 13.7533 0 14.7506 42.2161 27.3215 14.5452 33.0723 39.5065 27.4561 53.859 96.4262 20.9904 27.6963 75.9188 76.288 7.68116 64.8042 48.2387 98.8145 4.2531 22.6863 49.8911 61.5692 60.2831 11.4766 53.3486 22.2588 12.1284 10.6983 23.3529 96.0687 1.06845 11.8324 32.927 91.3182 40.6099 69.0094 31.4304 43.5196 18.0761 22.8151 51.4897 53.7765 65.6379 19.7796 68.7969 42.0574 17.9146 11.8762 58.27 72.4225 30.8553 40.9272 72.2801 71.533 24.666 9.43602 74.7347 26.6955 15.2617 11.8044 66.7694 
45.4078 5.54959 22.4445 48.2759 32.4568 44.1008 34.795 59.5969 3.39979 16.736 52.7548 48.1248 75.9897 18.111 41.3268 28.7626 68.9787 71.1495 50.9681 40.3046 9.22009 45.7698 36.1204 4.71955 87.9105 24.9393 31.4663 54.5327 29.1745 5.5408 40.4442 58.7154 91.2121 74.8946 37.7299 74.2371 5.29331 87.4699 82.3524 14.7506 0 56.0131 20.7597 95.9546 30.4178 11.8255 14.3731 60.7933 56.3386 45.6577 6.65286 20.6224 97.6995 25.0797 32.8294 21.4582 49.5832 70.9529 19.9293 69.5185 61.6151 56.5158 44.5826 14.8254 88.9739 98.5082 61.6317 65.4327 45.6139 4.86519 26.5155 33.7584 91.4406 47.721 88.6217 92.6822 85.6446 77.4821 96.9578 3.36592 49.9114 94.8413 26.715 8.93309 73.0396 71.648 35.3645 40.2997 6.94673 1.11011 57.0778 85.7691 14.9093 63.5834 94.7146 97.5995 52.7562 55.5087 69.1577 65.5494 
6.56463 94.141 30.0353 4.5346 18.259 26.3468 82.5019 29.108 74.9526 56.8731 28.3079 78.9023 24.6139 36.7546 29.6347 41.4963 24.5176 57.2969 71.1222 33.5585 23.7484 79.9572 68.3142 21.6044 21.2357 43.2485 29.3824 38.9201 78.3619 66.6997 35.5438 55.2037 89.3719 13.1132 84.9969 46.8248 92.2112 65.1523 15.7081 42.2161 56.0131 0 40.5824 81.9064 6.84768 9.01471 46.0564 67.7695 89.4815 33.415 32.145 33.8405 96.1364 28.4554 22.3992 24.9379 51.0347 70.5984 65.4618 99.1752 93.6505 91.2737 32.1482 98.3829 50.3995 31.2253 18.7421 62.8474 24.3389 36.1967 45.6123 16.8535 73.3918 30.1955 11.9533 64.3567 27.9657 59.2748 31.9889 50.5191 6.46684 44.1712 1.12756 67.2753 58.2465 89.8908 82.2658 11.6071 92.5383 69.8072 19.1644 44.2073 47.0077 74.3654 79.9745 48.8877 72.9234 10.5113 23.8379 35.0025 
98.3974 95.2332 13.8723 20.689 42.2737 6.41646 89.1263 2.73996 43.2775 54.0281 62.6228 13.8982 39.351 11.6474 3.07295 57.0273 11.6245 97.4896 75.6557 73.4865 81.6629 72.8899 22.7003 42.5935 54.5281 35.2813 41.5614 16.8865 24.3511 51.8098 17.3096 36.2008 76.973 28.1691 35.5221 61.6119 4.3116 64.7529 55.8836 27.3215 20.7597 40.5824 0 19.2822 96.732 73.1536 45.4684 59.8511 24.1333 71.7127 40.5071 65.96 22.8596 47.5736 24.6628 84.9662 44.6857 43.3909 77.5703 71.889 33.425 41.2419 66.7374 87.2241 27.8142 70.4686 95.0667 96.523 17.2861 39.7853 62.5693 20.526 31.739 22.1876 47.4125 90.0539 40.1006 62.1395 15.7876 19.2003 39.278 45.7536 33.2444 88.9933 97.6073 80.5687 27.6134 70.0628 19.9296 99.5206 14.441 49.3654 75.9135 10.2256 17.5741 91.0153 33.6745 41.6747 58.7376 2.80169 
24.7405 93.405 25.9193 1.50452 46.3988 84.0491 57.9647 26.2853 28.3692 38.6893 25.2952 97.4874 40.1643 22.1456 55.6557 75.7837 27.8289 67.551 82.2369 18.4771 47.4545 5.84682 66.1484 81.6816 85.5591 19.1203 84.2712 29.6858 58.5289 82.2637 58.7879 70.4875 72.1147 53.9014 41.1966 78.4752 94.0645 2.80279 27.1658 14.5452 95.9546 81.9064 19.2822 0 56.7503 10.5025 53.0509 90.6413 79.7425 8.94377 36.3925 45.1898 46.1899 58.6919 9.39426 77.3487 72.6868 61.7756 19.5149 79.0057 37.2337 47.4294 51.5156 96.3617 59.9521 16.9703 1.09573 42.3994 86.721 24.442 83.6342 30.3586 19.2087 12.6717 52.0966 62.9492 27.2604 55.2232 51.9912 76.5773 40.6441 48.608 18.69 63.3279 58.4248 70.5961 34.7181 29.9878 17.9081 63.6097 65.334 97.2917 16.9557 81.5598 2.56744 87.7766 81.635 40.1382 58.3781 84.8798 
53.9449 15.7313 16.5087 45.8 29.6662 37.1322 85.1577 49.1249 78.6721 86.1341 84.7366 54.5222 22.3057 51.3083 99.915 86.4555 58.1203 67.748 16.502 90.7887 60.091 18.9509 95.5037 56.6956 68.5627 1.32169 8.36144 63.3167 31.4487 97.0792 26.7348 72.155 4.87775 71.172 93.8745 95.7573 41.8027 88.1577 31.7868 33.0723 30.4178 6.84768 96.732 56.7503 0 29.4711 38.0606 51.3937 24.7207 27.0288 30.8864 24.968 74.4977 22.149 97.8775 4.15548 83.0761 54.7545 54.1898 3.65673 9.30748 51.2148 8.68068 27.2112 63.807 96.2625 55.1566 33.3549 70.396 69.8876 90.8601 91.7214 89.1669 95.771 22.9507 98.5307 54.4049 99.6087 94.2127 12.1581 18.4725 81.1863 39.3622 11.2666 30.0437 25.0484 36.1747 88.8406 72.6717 64.1078 44.7354 26.3598 38.5836 51.9161 91.1707 38.3201 44.0256 25.4489 29.4225 70.2593 
33.668 39.9512 73.0274 11.2841 37.1701 17.7738 5.58284 25.4989 69.6793 98.6675 76.717 52.8244 70.115 32.7377 4.31587 49.6441 83.4592 29.1244 89.4086 12.7164 10.6001 77.3244 15.6239 44.4677 45.7435 96.0272 33.882 83.6625 6.57091 60.3891 99.8622 12.7207 94.3023 14.9971 76.775 38.7943 69.945 87.5809 4.90056 39.5065 11.8255 9.01471 73.1536 10.5025 29.4711 0 67.9504 64.8636 94.5421 54.13 58.7106 8.36094 47.7569 86.7761 73.7139 24.3987 7.29172 17.5851 62.2082 43.5906 39.537 44.6997 50.2724 11.841 18.5217 53.0294 3.68379 84.9428 3.76621 13.4023 73.0627 10.7853 82.2457 63.3485 98.8358 78.145 1.44149 50.1687 69.5545 83.6561 16.3673 74.687 2.25183 85.4629 15.8786 55.8961 99.4771 16.9194 12.09 55.8516 14.5904 36.7764 30.7982 62.2855 30.388 63.9142 91.6941 40.0591 37.6495 27.8983 
97.808 39.0449 11.7829 24.2851 80.3947 2.04335 93.5115 17.6809 31.0995 40.4678 6.6962 27.4579 44.4839 11.5959 55.7822 60.5011 97.9901 95.286 32.5443 72.8841 75.6278 92.9386 33.3077 32.082 25.5066 79.8534 35.3589 40.1214 39.684 88.8097 33.9693 90.882 34.478 47.6199 47.2598 43.2094 89.5948 1.92497 29.3369 27.4561 14.3731 46.0564 45.4684 53.0509 38.0606 67.9504 0 8.35775 67.0843 43.3093 96.4122 40.2147 92.855 29.9805 97.7526 58.9744 23.27 60.7736 53.382 84.9368 35.9951 33.3157 4.49518 58.4849 58.9024 83.7448 13.5631 77.0824 77.8568 65.8686 14.5882 28.5602 20.513 84.5557 34.406 30.5385 3.71398 31.1119 24.1397 15.5022 79.6115 41.7242 42.4506 29.6691 96.7498 42.5534 36.0042 65.6381 56.8135 46.8707 66.188 26.1655 81.1262 22.318 66.1691 45.5033 85.3856 5.56446 56.134 11.8565 
95.4081 82.7781 54.2287 57.2585 37.3593 83.3503 17.1935 55.215 68.3798 69.5473 5.69332 6.83622 66.1719 40.9767 81.6638 28.7895 72.1392 47.4687 98.3024 42.7503 23.2853 21.5398 15.2568 74.7142 75.0141 98.7431 75.0182 52.2224 81.9942 60.297 57.8923 20.2543 98.537 44.1494 73.6683 87.6995 16.9215 46.9673 90.9467 53.859 60.7933 67.7695 59.8511 90.6413 51.3937 64.8636 8.35775 0 16.2579 32.0654 9.63749 79.7588 24.1617 74.7705 80.111 24.8097 2.66864 50.925 12.0772 83.1299 48.8616 51.8467 66.9726 15.4166 87.431 8.24407 71.6262 53.2565 96.2023 68.046 36.8268 26.3975 66.3898 30.7678 84.5919 71.8521 21.8662 57.6211 79.0287 53.4154 16.8748 65.7148 2.9734 20.9874 78.2644 9.3735 73.615 18.7298 43.0314 98.3062 93.7156 34.5275 59.1075 8.7826 60.9219 73.1105 98.6657 28.7417 23.9915 31.7841 
57.6813 19.299 47.1207 49.7716 93.5579 67.0661 79.9123 60.6243 19.2144 56.888 71.9939 76.1167 10.2421 66.3967 52.352 54.3574 94.511 41.5158 11.6008 10.7432 56.3812 9.69333 87.7279 23.6109 99.8572 82.012 29.7578 93.2807 56.0454 22.8826 2.57562 55.5036 92.8808 6.89127 74.24 30.5276 75.4425 44.5282 32.4674 96.4262 56.3386 89.4815 24.1333 79.7425 24.7207 94.5421 67.0843 16.2579 0 75.8454 5.34078 33.2499 87.9115 17.6992 61.3516 89.0398 77.4146 49.8256 16.0044 40.3467 72.6574 36.4323 33.8994 83.3002 39.7954 63.6882 83.2892 91.1345 72.6586 42.9637 17.6753 97.2105 58.3117 30.8348 86.4374 69.7337 26.337 50.0169 88.2837 50.1918 31.5074 11.6649 62.2723 12.3707 89.7368 85.6222 86.8032 29.5849 91.0287 83.2164 53.0146 5.7576 82.5819 93.9064 70.4012 22.8952 49.4399 18.9968 10.5333 84.3792 
81.3512 84.5059 62.9861 11.7475 26.3967 57.6831 96.474 87.389 92.737 85.0489 72.607 36.2311 87.5066 27.1596 82.6769 75.5261 42.5856 49.1331 18.7443 88.0383 13.9866 57.4646 62.3233 64.9963 8.14483 16.7705 30.6336 68.3088 37.515 71.0322 73.0192 83.421 52.3004 33.0506 1.11676 18.4188 40.8467 93.3465 19.0244 20.9904 45.6577 33.415 71.7127 8.94377 27.0288 54.13 43.3093 32.0654 75.8454 0 12.2258 10.3006 68.4346 53.6145 70.8793 41.7806 78.8874 98.8184 37.8118 3.36312 95.2065 18.0445 5.45234 84.5005 65.8429 94.0594 4.01778 69.2956 23.1181 39.8324 86.2182 17.1514 46.4816 80.8743 52.527 26.4725 23.8413 16.4878 33.8596 87.3138 27.8086 69.6625 47.1876 75.4417 90.7454 15.6806 73.8815 27.4468 45.0622 38.4614 89.2792 89.9277 67.8821 61.2176 35.3134 32.8053 6.63692 24.3017 88.131 29.2386 
23.3567 66.8599 28.0887 82.5277 67.9003 84.3209 87.5301 79.6495 83.1653 94.1306 65.0894 66.438 11.1027 99.6652 80.9017 49.8801 26.5334 81.0854 83.4413 53.7882 27.4751 65.3829 53.0934 51.5795 22.967 22.6442 82.058 60.614 5.60266 67.9847 77.8487 97.3398 25.3711 97.8086 64.3768 58.0873 74.3475 69.5837 16.2929 27.6963 6.65286 32.145 40.5071 36.3925 30.8864 58.7106 96.4122 9.63749 5.34078 12.2258 0 10.6369 7.34671 23.2815 96.908 27.3947 62.5178 20.9412 96.3063 23.7636 31.1876 61.1594 77.3124 45.2746 94.7721 48.8834 92.1703 8.08133 57.6955 5.17547 17.9418 95.7302 69.5993 31.9535 50.661 35.7422 71.461 86.5816 63.3526 19.6532 80.1797 34.1924 13.4998 5.97671 31.4807 82.9142 43.214 86.8596 63.51 60.3586 34.5663 38.4381 10.491 13.8329 35.3427 23.2864 4.20694 2.49417 73.7245 96.9101 
